ch, az[rad], el[rad], sig_x[rad], sig_y[rad], amp, polang[rad], poleff, wafer, pix, torb, flag 
0   0.028343   -0.016364   0.001018   0.001018   1.0    0.0  1.000000  HFW1 1  t 1
1   0.028343   -0.016364   0.001018   0.001018   1.0    1.6  1.000000  HFW1 1  b 1
2   0.028343   -0.005455   0.001018   0.001018   1.0   -0.8  1.000000  HFW1 2  t 1
3   0.028343   -0.005455   0.001018   0.001018   1.0    0.8  1.000000  HFW1 2  b 1
4   0.028343   0.005455   0.001018   0.001018   1.0    0.0  1.000000  HFW1 3  t 1
5   0.028343   0.005455   0.001018   0.001018   1.0    1.6  1.000000  HFW1 3  b 1
6   0.028343   0.016364   0.001018   0.001018   1.0   -0.8  1.000000  HFW1 4  t 1
7   0.028343   0.016364   0.001018   0.001018   1.0    0.8  1.000000  HFW1 4  b 1
8   0.018895   -0.021818   0.001018   0.001018   1.0   -0.8  1.000000  HFW1 5  t 1
9   0.018895   -0.021818   0.001018   0.001018   1.0    0.8  1.000000  HFW1 5  b 1
10   0.018895   -0.010909   0.001018   0.001018   1.0    0.0  1.000000  HFW1 6  t 1
11   0.018895   -0.010909   0.001018   0.001018   1.0    1.6  1.000000  HFW1 6  b 1
12   0.018895   -0.000000   0.001018   0.001018   1.0   -0.8  1.000000  HFW1 7  t 1
13   0.018895   -0.000000   0.001018   0.001018   1.0    0.8  1.000000  HFW1 7  b 1
14   0.018895   0.010909   0.001018   0.001018   1.0    0.0  1.000000  HFW1 8  t 1
15   0.018895   0.010909   0.001018   0.001018   1.0    1.6  1.000000  HFW1 8  b 1
16   0.018895   0.021818   0.001018   0.001018   1.0   -0.8  1.000000  HFW1 9  t 1
17   0.018895   0.021818   0.001018   0.001018   1.0    0.8  1.000000  HFW1 9  b 1
18   0.009448   -0.027273   0.001018   0.001018   1.0    0.0  1.000000  HFW1 10  t 1
19   0.009448   -0.027273   0.001018   0.001018   1.0    1.6  1.000000  HFW1 10  b 1
20   0.009448   -0.016364   0.001018   0.001018   1.0   -0.8  1.000000  HFW1 11  t 1
21   0.009448   -0.016364   0.001018   0.001018   1.0    0.8  1.000000  HFW1 11  b 1
22   0.009448   -0.005455   0.001018   0.001018   1.0    0.0  1.000000  HFW1 12  t 1
23   0.009448   -0.005455   0.001018   0.001018   1.0    1.6  1.000000  HFW1 12  b 1
24   0.009448   0.005455   0.001018   0.001018   1.0   -0.8  1.000000  HFW1 13  t 1
25   0.009448   0.005455   0.001018   0.001018   1.0    0.8  1.000000  HFW1 13  b 1
26   0.009448   0.016364   0.001018   0.001018   1.0    0.0  1.000000  HFW1 14  t 1
27   0.009448   0.016364   0.001018   0.001018   1.0    1.6  1.000000  HFW1 14  b 1
28   0.009448   0.027273   0.001018   0.001018   1.0   -0.8  1.000000  HFW1 15  t 1
29   0.009448   0.027273   0.001018   0.001018   1.0    0.8  1.000000  HFW1 15  b 1
30   -0.000000   -0.032727   0.001018   0.001018   1.0   -0.8  1.000000  HFW1 16  t 1
31   -0.000000   -0.032727   0.001018   0.001018   1.0    0.8  1.000000  HFW1 16  b 1
32   -0.000000   -0.021818   0.001018   0.001018   1.0    0.0  1.000000  HFW1 17  t 1
33   -0.000000   -0.021818   0.001018   0.001018   1.0    1.6  1.000000  HFW1 17  b 1
34   -0.000000   -0.010909   0.001018   0.001018   1.0   -0.8  1.000000  HFW1 18  t 1
35   -0.000000   -0.010909   0.001018   0.001018   1.0    0.8  1.000000  HFW1 18  b 1
36   -0.000000   -0.000000   0.001018   0.001018   1.0    0.0  1.000000  HFW1 19  t 1
37   -0.000000   -0.000000   0.001018   0.001018   1.0    1.6  1.000000  HFW1 19  b 1
38   0.000000   0.010909   0.001018   0.001018   1.0   -0.8  1.000000  HFW1 20  t 1
39   0.000000   0.010909   0.001018   0.001018   1.0    0.8  1.000000  HFW1 20  b 1
40   0.000000   0.021818   0.001018   0.001018   1.0    0.0  1.000000  HFW1 21  t 1
41   0.000000   0.021818   0.001018   0.001018   1.0    1.6  1.000000  HFW1 21  b 1
42   0.000000   0.032727   0.001018   0.001018   1.0   -0.8  1.000000  HFW1 22  t 1
43   0.000000   0.032727   0.001018   0.001018   1.0    0.8  1.000000  HFW1 22  b 1
44   -0.009448   -0.027273   0.001018   0.001018   1.0   -0.8  1.000000  HFW1 23  t 1
45   -0.009448   -0.027273   0.001018   0.001018   1.0    0.8  1.000000  HFW1 23  b 1
46   -0.009448   -0.016364   0.001018   0.001018   1.0    0.0  1.000000  HFW1 24  t 1
47   -0.009448   -0.016364   0.001018   0.001018   1.0    1.6  1.000000  HFW1 24  b 1
48   -0.009448   -0.005455   0.001018   0.001018   1.0   -0.8  1.000000  HFW1 25  t 1
49   -0.009448   -0.005455   0.001018   0.001018   1.0    0.8  1.000000  HFW1 25  b 1
50   -0.009448   0.005455   0.001018   0.001018   1.0    0.0  1.000000  HFW1 26  t 1
51   -0.009448   0.005455   0.001018   0.001018   1.0    1.6  1.000000  HFW1 26  b 1
52   -0.009448   0.016364   0.001018   0.001018   1.0   -0.8  1.000000  HFW1 27  t 1
53   -0.009448   0.016364   0.001018   0.001018   1.0    0.8  1.000000  HFW1 27  b 1
54   -0.009448   0.027273   0.001018   0.001018   1.0    0.0  1.000000  HFW1 28  t 1
55   -0.009448   0.027273   0.001018   0.001018   1.0    1.6  1.000000  HFW1 28  b 1
56   -0.018895   -0.021818   0.001018   0.001018   1.0   -0.8  1.000000  HFW1 29  t 1
57   -0.018895   -0.021818   0.001018   0.001018   1.0    0.8  1.000000  HFW1 29  b 1
58   -0.018895   -0.010909   0.001018   0.001018   1.0    0.0  1.000000  HFW1 30  t 1
59   -0.018895   -0.010909   0.001018   0.001018   1.0    1.6  1.000000  HFW1 30  b 1
60   -0.018895   0.000000   0.001018   0.001018   1.0   -0.8  1.000000  HFW1 31  t 1
61   -0.018895   0.000000   0.001018   0.001018   1.0    0.8  1.000000  HFW1 31  b 1
62   -0.018895   0.010909   0.001018   0.001018   1.0    0.0  1.000000  HFW1 32  t 1
63   -0.018895   0.010909   0.001018   0.001018   1.0    1.6  1.000000  HFW1 32  b 1
64   -0.018895   0.021818   0.001018   0.001018   1.0   -0.8  1.000000  HFW1 33  t 1
65   -0.018895   0.021818   0.001018   0.001018   1.0    0.8  1.000000  HFW1 33  b 1
66   -0.028343   -0.016364   0.001018   0.001018   1.0   -0.8  1.000000  HFW1 34  t 1
67   -0.028343   -0.016364   0.001018   0.001018   1.0    0.8  1.000000  HFW1 34  b 1
68   -0.028343   -0.005455   0.001018   0.001018   1.0    0.0  1.000000  HFW1 35  t 1
69   -0.028343   -0.005455   0.001018   0.001018   1.0    1.6  1.000000  HFW1 35  b 1
70   -0.028343   0.005455   0.001018   0.001018   1.0   -0.8  1.000000  HFW1 36  t 1
71   -0.028343   0.005455   0.001018   0.001018   1.0    0.8  1.000000  HFW1 36  b 1
72   -0.028343   0.016364   0.001018   0.001018   1.0    0.0  1.000000  HFW1 37  t 1
73   -0.028343   0.016364   0.001018   0.001018   1.0    1.6  1.000000  HFW1 37  b 1
74   -0.066979   -0.083284   0.001018   0.001018   1.0   -2.1  1.000000  HFW1 38  t 1
75   -0.066979   -0.083284   0.001018   0.001018   1.0   -0.5  1.000000  HFW1 38  b 1
76   -0.057531   -0.088738   0.001018   0.001018   1.0   -2.9  1.000000  HFW1 39  t 1
77   -0.057531   -0.088738   0.001018   0.001018   1.0   -1.3  1.000000  HFW1 39  b 1
78   -0.048084   -0.094193   0.001018   0.001018   1.0   -2.1  1.000000  HFW1 40  t 1
79   -0.048084   -0.094193   0.001018   0.001018   1.0   -0.5  1.000000  HFW1 40  b 1
80   -0.038636   -0.099647   0.001018   0.001018   1.0   -2.9  1.000000  HFW1 41  t 1
81   -0.038636   -0.099647   0.001018   0.001018   1.0   -1.3  1.000000  HFW1 41  b 1
82   -0.066979   -0.072375   0.001018   0.001018   1.0   -2.9  1.000000  HFW1 42  t 1
83   -0.066979   -0.072375   0.001018   0.001018   1.0   -1.3  1.000000  HFW1 42  b 1
84   -0.057531   -0.077829   0.001018   0.001018   1.0   -2.1  1.000000  HFW1 43  t 1
85   -0.057531   -0.077829   0.001018   0.001018   1.0   -0.5  1.000000  HFW1 43  b 1
86   -0.048084   -0.083284   0.001018   0.001018   1.0   -2.9  1.000000  HFW1 44  t 1
87   -0.048084   -0.083284   0.001018   0.001018   1.0   -1.3  1.000000  HFW1 44  b 1
88   -0.038636   -0.088738   0.001018   0.001018   1.0   -2.1  1.000000  HFW1 45  t 1
89   -0.038636   -0.088738   0.001018   0.001018   1.0   -0.5  1.000000  HFW1 45  b 1
90   -0.029189   -0.094193   0.001018   0.001018   1.0   -2.9  1.000000  HFW1 46  t 1
91   -0.029189   -0.094193   0.001018   0.001018   1.0   -1.3  1.000000  HFW1 46  b 1
92   -0.066979   -0.061466   0.001018   0.001018   1.0   -2.1  1.000000  HFW1 47  t 1
93   -0.066979   -0.061466   0.001018   0.001018   1.0   -0.5  1.000000  HFW1 47  b 1
94   -0.057531   -0.066920   0.001018   0.001018   1.0   -2.9  1.000000  HFW1 48  t 1
95   -0.057531   -0.066920   0.001018   0.001018   1.0   -1.3  1.000000  HFW1 48  b 1
96   -0.048084   -0.072375   0.001018   0.001018   1.0   -2.1  1.000000  HFW1 49  t 1
97   -0.048084   -0.072375   0.001018   0.001018   1.0   -0.5  1.000000  HFW1 49  b 1
98   -0.038636   -0.077829   0.001018   0.001018   1.0   -2.9  1.000000  HFW1 50  t 1
99   -0.038636   -0.077829   0.001018   0.001018   1.0   -1.3  1.000000  HFW1 50  b 1
100   -0.029189   -0.083284   0.001018   0.001018   1.0   -2.1  1.000000  HFW1 51  t 1
101   -0.029189   -0.083284   0.001018   0.001018   1.0   -0.5  1.000000  HFW1 51  b 1
102   -0.019741   -0.088738   0.001018   0.001018   1.0   -2.9  1.000000  HFW1 52  t 1
103   -0.019741   -0.088738   0.001018   0.001018   1.0   -1.3  1.000000  HFW1 52  b 1
104   -0.066979   -0.050557   0.001018   0.001018   1.0   -2.9  1.000000  HFW1 53  t 1
105   -0.066979   -0.050557   0.001018   0.001018   1.0   -1.3  1.000000  HFW1 53  b 1
106   -0.057531   -0.056011   0.001018   0.001018   1.0   -2.1  1.000000  HFW1 54  t 1
107   -0.057531   -0.056011   0.001018   0.001018   1.0   -0.5  1.000000  HFW1 54  b 1
108   -0.048084   -0.061466   0.001018   0.001018   1.0   -2.9  1.000000  HFW1 55  t 1
109   -0.048084   -0.061466   0.001018   0.001018   1.0   -1.3  1.000000  HFW1 55  b 1
110   -0.038636   -0.066920   0.001018   0.001018   1.0   -2.1  1.000000  HFW1 56  t 1
111   -0.038636   -0.066920   0.001018   0.001018   1.0   -0.5  1.000000  HFW1 56  b 1
112   -0.029189   -0.072375   0.001018   0.001018   1.0   -2.9  1.000000  HFW1 57  t 1
113   -0.029189   -0.072375   0.001018   0.001018   1.0   -1.3  1.000000  HFW1 57  b 1
114   -0.019741   -0.077829   0.001018   0.001018   1.0   -2.1  1.000000  HFW1 58  t 1
115   -0.019741   -0.077829   0.001018   0.001018   1.0   -0.5  1.000000  HFW1 58  b 1
116   -0.010294   -0.083284   0.001018   0.001018   1.0   -2.9  1.000000  HFW1 59  t 1
117   -0.010294   -0.083284   0.001018   0.001018   1.0   -1.3  1.000000  HFW1 59  b 1
118   -0.057531   -0.045102   0.001018   0.001018   1.0   -2.9  1.000000  HFW1 60  t 1
119   -0.057531   -0.045102   0.001018   0.001018   1.0   -1.3  1.000000  HFW1 60  b 1
120   -0.048084   -0.050557   0.001018   0.001018   1.0   -2.1  1.000000  HFW1 61  t 1
121   -0.048084   -0.050557   0.001018   0.001018   1.0   -0.5  1.000000  HFW1 61  b 1
122   -0.038636   -0.056011   0.001018   0.001018   1.0   -2.9  1.000000  HFW1 62  t 1
123   -0.038636   -0.056011   0.001018   0.001018   1.0   -1.3  1.000000  HFW1 62  b 1
124   -0.029189   -0.061466   0.001018   0.001018   1.0   -2.1  1.000000  HFW1 63  t 1
125   -0.029189   -0.061466   0.001018   0.001018   1.0   -0.5  1.000000  HFW1 63  b 1
126   -0.019741   -0.066920   0.001018   0.001018   1.0   -2.9  1.000000  HFW1 64  t 1
127   -0.019741   -0.066920   0.001018   0.001018   1.0   -1.3  1.000000  HFW1 64  b 1
128   -0.010294   -0.072375   0.001018   0.001018   1.0   -2.1  1.000000  HFW1 65  t 1
129   -0.010294   -0.072375   0.001018   0.001018   1.0   -0.5  1.000000  HFW1 65  b 1
130   -0.048084   -0.039647   0.001018   0.001018   1.0   -2.9  1.000000  HFW1 66  t 1
131   -0.048084   -0.039647   0.001018   0.001018   1.0   -1.3  1.000000  HFW1 66  b 1
132   -0.038636   -0.045102   0.001018   0.001018   1.0   -2.1  1.000000  HFW1 67  t 1
133   -0.038636   -0.045102   0.001018   0.001018   1.0   -0.5  1.000000  HFW1 67  b 1
134   -0.029189   -0.050557   0.001018   0.001018   1.0   -2.9  1.000000  HFW1 68  t 1
135   -0.029189   -0.050557   0.001018   0.001018   1.0   -1.3  1.000000  HFW1 68  b 1
136   -0.019741   -0.056011   0.001018   0.001018   1.0   -2.1  1.000000  HFW1 69  t 1
137   -0.019741   -0.056011   0.001018   0.001018   1.0   -0.5  1.000000  HFW1 69  b 1
138   -0.010294   -0.061466   0.001018   0.001018   1.0   -2.9  1.000000  HFW1 70  t 1
139   -0.010294   -0.061466   0.001018   0.001018   1.0   -1.3  1.000000  HFW1 70  b 1
140   -0.038636   -0.034193   0.001018   0.001018   1.0   -2.9  1.000000  HFW1 71  t 1
141   -0.038636   -0.034193   0.001018   0.001018   1.0   -1.3  1.000000  HFW1 71  b 1
142   -0.029189   -0.039647   0.001018   0.001018   1.0   -2.1  1.000000  HFW1 72  t 1
143   -0.029189   -0.039647   0.001018   0.001018   1.0   -0.5  1.000000  HFW1 72  b 1
144   -0.019741   -0.045102   0.001018   0.001018   1.0   -2.9  1.000000  HFW1 73  t 1
145   -0.019741   -0.045102   0.001018   0.001018   1.0   -1.3  1.000000  HFW1 73  b 1
146   -0.010294   -0.050557   0.001018   0.001018   1.0   -2.1  1.000000  HFW1 74  t 1
147   -0.010294   -0.050557   0.001018   0.001018   1.0   -0.5  1.000000  HFW1 74  b 1
148   -0.105615   0.016364   0.001018   0.001018   1.0   -3.1  1.000000  HFW1 75  t 1
149   -0.105615   0.016364   0.001018   0.001018   1.0   -1.6  1.000000  HFW1 75  b 1
150   -0.105615   0.005455   0.001018   0.001018   1.0   -3.9  1.000000  HFW1 76  t 1
151   -0.105615   0.005455   0.001018   0.001018   1.0   -2.4  1.000000  HFW1 76  b 1
152   -0.105615   -0.005455   0.001018   0.001018   1.0   -3.1  1.000000  HFW1 77  t 1
153   -0.105615   -0.005455   0.001018   0.001018   1.0   -1.6  1.000000  HFW1 77  b 1
154   -0.105615   -0.016364   0.001018   0.001018   1.0   -3.9  1.000000  HFW1 78  t 1
155   -0.105615   -0.016364   0.001018   0.001018   1.0   -2.4  1.000000  HFW1 78  b 1
156   -0.096168   0.021818   0.001018   0.001018   1.0   -3.9  1.000000  HFW1 79  t 1
157   -0.096168   0.021818   0.001018   0.001018   1.0   -2.4  1.000000  HFW1 79  b 1
158   -0.096168   0.010909   0.001018   0.001018   1.0   -3.1  1.000000  HFW1 80  t 1
159   -0.096168   0.010909   0.001018   0.001018   1.0   -1.6  1.000000  HFW1 80  b 1
160   -0.096168   -0.000000   0.001018   0.001018   1.0   -3.9  1.000000  HFW1 81  t 1
161   -0.096168   -0.000000   0.001018   0.001018   1.0   -2.4  1.000000  HFW1 81  b 1
162   -0.096168   -0.010909   0.001018   0.001018   1.0   -3.1  1.000000  HFW1 82  t 1
163   -0.096168   -0.010909   0.001018   0.001018   1.0   -1.6  1.000000  HFW1 82  b 1
164   -0.096168   -0.021818   0.001018   0.001018   1.0   -3.9  1.000000  HFW1 83  t 1
165   -0.096168   -0.021818   0.001018   0.001018   1.0   -2.4  1.000000  HFW1 83  b 1
166   -0.086720   0.027273   0.001018   0.001018   1.0   -3.1  1.000000  HFW1 84  t 1
167   -0.086720   0.027273   0.001018   0.001018   1.0   -1.6  1.000000  HFW1 84  b 1
168   -0.086720   0.016364   0.001018   0.001018   1.0   -3.9  1.000000  HFW1 85  t 1
169   -0.086720   0.016364   0.001018   0.001018   1.0   -2.4  1.000000  HFW1 85  b 1
170   -0.086720   0.005455   0.001018   0.001018   1.0   -3.1  1.000000  HFW1 86  t 1
171   -0.086720   0.005455   0.001018   0.001018   1.0   -1.6  1.000000  HFW1 86  b 1
172   -0.086720   -0.005455   0.001018   0.001018   1.0   -3.9  1.000000  HFW1 87  t 1
173   -0.086720   -0.005455   0.001018   0.001018   1.0   -2.4  1.000000  HFW1 87  b 1
174   -0.086720   -0.016364   0.001018   0.001018   1.0   -3.1  1.000000  HFW1 88  t 1
175   -0.086720   -0.016364   0.001018   0.001018   1.0   -1.6  1.000000  HFW1 88  b 1
176   -0.086720   -0.027273   0.001018   0.001018   1.0   -3.9  1.000000  HFW1 89  t 1
177   -0.086720   -0.027273   0.001018   0.001018   1.0   -2.4  1.000000  HFW1 89  b 1
178   -0.077273   0.032727   0.001018   0.001018   1.0   -3.9  1.000000  HFW1 90  t 1
179   -0.077273   0.032727   0.001018   0.001018   1.0   -2.4  1.000000  HFW1 90  b 1
180   -0.077273   0.021818   0.001018   0.001018   1.0   -3.1  1.000000  HFW1 91  t 1
181   -0.077273   0.021818   0.001018   0.001018   1.0   -1.6  1.000000  HFW1 91  b 1
182   -0.077273   0.010909   0.001018   0.001018   1.0   -3.9  1.000000  HFW2 1  t 1
183   -0.077273   0.010909   0.001018   0.001018   1.0   -2.4  1.000000  HFW2 1  b 1
184   -0.077273   -0.000000   0.001018   0.001018   1.0   -3.1  1.000000  HFW2 2  t 1
185   -0.077273   -0.000000   0.001018   0.001018   1.0   -1.6  1.000000  HFW2 2  b 1
186   -0.077273   -0.010909   0.001018   0.001018   1.0   -3.9  1.000000  HFW2 3  t 1
187   -0.077273   -0.010909   0.001018   0.001018   1.0   -2.4  1.000000  HFW2 3  b 1
188   -0.077273   -0.021818   0.001018   0.001018   1.0   -3.1  1.000000  HFW2 4  t 1
189   -0.077273   -0.021818   0.001018   0.001018   1.0   -1.6  1.000000  HFW2 4  b 1
190   -0.077273   -0.032727   0.001018   0.001018   1.0   -3.9  1.000000  HFW2 5  t 1
191   -0.077273   -0.032727   0.001018   0.001018   1.0   -2.4  1.000000  HFW2 5  b 1
192   -0.067825   0.027273   0.001018   0.001018   1.0   -3.9  1.000000  HFW2 6  t 1
193   -0.067825   0.027273   0.001018   0.001018   1.0   -2.4  1.000000  HFW2 6  b 1
194   -0.067825   0.016364   0.001018   0.001018   1.0   -3.1  1.000000  HFW2 7  t 1
195   -0.067825   0.016364   0.001018   0.001018   1.0   -1.6  1.000000  HFW2 7  b 1
196   -0.067825   0.005455   0.001018   0.001018   1.0   -3.9  1.000000  HFW2 8  t 1
197   -0.067825   0.005455   0.001018   0.001018   1.0   -2.4  1.000000  HFW2 8  b 1
198   -0.067825   -0.005455   0.001018   0.001018   1.0   -3.1  1.000000  HFW2 9  t 1
199   -0.067825   -0.005455   0.001018   0.001018   1.0   -1.6  1.000000  HFW2 9  b 1
200   -0.067825   -0.016364   0.001018   0.001018   1.0   -3.9  1.000000  HFW2 10  t 1
201   -0.067825   -0.016364   0.001018   0.001018   1.0   -2.4  1.000000  HFW2 10  b 1
202   -0.067825   -0.027273   0.001018   0.001018   1.0   -3.1  1.000000  HFW2 11  t 1
203   -0.067825   -0.027273   0.001018   0.001018   1.0   -1.6  1.000000  HFW2 11  b 1
204   -0.058378   0.021818   0.001018   0.001018   1.0   -3.9  1.000000  HFW2 12  t 1
205   -0.058378   0.021818   0.001018   0.001018   1.0   -2.4  1.000000  HFW2 12  b 1
206   -0.058378   0.010909   0.001018   0.001018   1.0   -3.1  1.000000  HFW2 13  t 1
207   -0.058378   0.010909   0.001018   0.001018   1.0   -1.6  1.000000  HFW2 13  b 1
208   -0.058378   0.000000   0.001018   0.001018   1.0   -3.9  1.000000  HFW2 14  t 1
209   -0.058378   0.000000   0.001018   0.001018   1.0   -2.4  1.000000  HFW2 14  b 1
210   -0.058378   -0.010909   0.001018   0.001018   1.0   -3.1  1.000000  HFW2 15  t 1
211   -0.058378   -0.010909   0.001018   0.001018   1.0   -1.6  1.000000  HFW2 15  b 1
212   -0.058378   -0.021818   0.001018   0.001018   1.0   -3.9  1.000000  HFW2 16  t 1
213   -0.058378   -0.021818   0.001018   0.001018   1.0   -2.4  1.000000  HFW2 16  b 1
214   -0.048930   0.016364   0.001018   0.001018   1.0   -3.9  1.000000  HFW2 17  t 1
215   -0.048930   0.016364   0.001018   0.001018   1.0   -2.4  1.000000  HFW2 17  b 1
216   -0.048930   0.005455   0.001018   0.001018   1.0   -3.1  1.000000  HFW2 18  t 1
217   -0.048930   0.005455   0.001018   0.001018   1.0   -1.6  1.000000  HFW2 18  b 1
218   -0.048930   -0.005455   0.001018   0.001018   1.0   -3.9  1.000000  HFW2 19  t 1
219   -0.048930   -0.005455   0.001018   0.001018   1.0   -2.4  1.000000  HFW2 19  b 1
220   -0.048930   -0.016364   0.001018   0.001018   1.0   -3.1  1.000000  HFW2 20  t 1
221   -0.048930   -0.016364   0.001018   0.001018   1.0   -1.6  1.000000  HFW2 20  b 1
222   -0.038636   0.099647   0.001018   0.001018   1.0    2.1  1.000000  HFW2 21  t 1
223   -0.038636   0.099647   0.001018   0.001018   1.0    3.7  1.000000  HFW2 21  b 1
224   -0.048084   0.094193   0.001018   0.001018   1.0    1.3  1.000000  HFW2 22  t 1
225   -0.048084   0.094193   0.001018   0.001018   1.0    2.9  1.000000  HFW2 22  b 1
226   -0.057531   0.088738   0.001018   0.001018   1.0    2.1  1.000000  HFW2 23  t 1
227   -0.057531   0.088738   0.001018   0.001018   1.0    3.7  1.000000  HFW2 23  b 1
228   -0.066979   0.083284   0.001018   0.001018   1.0    1.3  1.000000  HFW2 24  t 1
229   -0.066979   0.083284   0.001018   0.001018   1.0    2.9  1.000000  HFW2 24  b 1
230   -0.029189   0.094193   0.001018   0.001018   1.0    1.3  1.000000  HFW2 25  t 1
231   -0.029189   0.094193   0.001018   0.001018   1.0    2.9  1.000000  HFW2 25  b 1
232   -0.038636   0.088738   0.001018   0.001018   1.0    2.1  1.000000  HFW2 26  t 1
233   -0.038636   0.088738   0.001018   0.001018   1.0    3.7  1.000000  HFW2 26  b 1
234   -0.048084   0.083284   0.001018   0.001018   1.0    1.3  1.000000  HFW2 27  t 1
235   -0.048084   0.083284   0.001018   0.001018   1.0    2.9  1.000000  HFW2 27  b 1
236   -0.057531   0.077829   0.001018   0.001018   1.0    2.1  1.000000  HFW2 28  t 1
237   -0.057531   0.077829   0.001018   0.001018   1.0    3.7  1.000000  HFW2 28  b 1
238   -0.066979   0.072375   0.001018   0.001018   1.0    1.3  1.000000  HFW2 29  t 1
239   -0.066979   0.072375   0.001018   0.001018   1.0    2.9  1.000000  HFW2 29  b 1
240   -0.019741   0.088738   0.001018   0.001018   1.0    2.1  1.000000  HFW2 30  t 1
241   -0.019741   0.088738   0.001018   0.001018   1.0    3.7  1.000000  HFW2 30  b 1
242   -0.029189   0.083284   0.001018   0.001018   1.0    1.3  1.000000  HFW2 31  t 1
243   -0.029189   0.083284   0.001018   0.001018   1.0    2.9  1.000000  HFW2 31  b 1
244   -0.038636   0.077829   0.001018   0.001018   1.0    2.1  1.000000  HFW2 32  t 1
245   -0.038636   0.077829   0.001018   0.001018   1.0    3.7  1.000000  HFW2 32  b 1
246   -0.048084   0.072375   0.001018   0.001018   1.0    1.3  1.000000  HFW2 33  t 1
247   -0.048084   0.072375   0.001018   0.001018   1.0    2.9  1.000000  HFW2 33  b 1
248   -0.057531   0.066920   0.001018   0.001018   1.0    2.1  1.000000  HFW2 34  t 1
249   -0.057531   0.066920   0.001018   0.001018   1.0    3.7  1.000000  HFW2 34  b 1
250   -0.066979   0.061466   0.001018   0.001018   1.0    1.3  1.000000  HFW2 35  t 1
251   -0.066979   0.061466   0.001018   0.001018   1.0    2.9  1.000000  HFW2 35  b 1
252   -0.010294   0.083284   0.001018   0.001018   1.0    1.3  1.000000  HFW2 36  t 1
253   -0.010294   0.083284   0.001018   0.001018   1.0    2.9  1.000000  HFW2 36  b 1
254   -0.019741   0.077829   0.001018   0.001018   1.0    2.1  1.000000  HFW2 37  t 1
255   -0.019741   0.077829   0.001018   0.001018   1.0    3.7  1.000000  HFW2 37  b 1
256   -0.029189   0.072375   0.001018   0.001018   1.0    1.3  1.000000  HFW2 38  t 1
257   -0.029189   0.072375   0.001018   0.001018   1.0    2.9  1.000000  HFW2 38  b 1
258   -0.038636   0.066920   0.001018   0.001018   1.0    2.1  1.000000  HFW2 39  t 1
259   -0.038636   0.066920   0.001018   0.001018   1.0    3.7  1.000000  HFW2 39  b 1
260   -0.048084   0.061466   0.001018   0.001018   1.0    1.3  1.000000  HFW2 40  t 1
261   -0.048084   0.061466   0.001018   0.001018   1.0    2.9  1.000000  HFW2 40  b 1
262   -0.057531   0.056011   0.001018   0.001018   1.0    2.1  1.000000  HFW2 41  t 1
263   -0.057531   0.056011   0.001018   0.001018   1.0    3.7  1.000000  HFW2 41  b 1
264   -0.066979   0.050557   0.001018   0.001018   1.0    1.3  1.000000  HFW2 42  t 1
265   -0.066979   0.050557   0.001018   0.001018   1.0    2.9  1.000000  HFW2 42  b 1
266   -0.010294   0.072375   0.001018   0.001018   1.0    1.3  1.000000  HFW2 43  t 1
267   -0.010294   0.072375   0.001018   0.001018   1.0    2.9  1.000000  HFW2 43  b 1
268   -0.019741   0.066920   0.001018   0.001018   1.0    2.1  1.000000  HFW2 44  t 1
269   -0.019741   0.066920   0.001018   0.001018   1.0    3.7  1.000000  HFW2 44  b 1
270   -0.029189   0.061466   0.001018   0.001018   1.0    1.3  1.000000  HFW2 45  t 1
271   -0.029189   0.061466   0.001018   0.001018   1.0    2.9  1.000000  HFW2 45  b 1
272   -0.038636   0.056011   0.001018   0.001018   1.0    2.1  1.000000  HFW2 46  t 1
273   -0.038636   0.056011   0.001018   0.001018   1.0    3.7  1.000000  HFW2 46  b 1
274   -0.048084   0.050557   0.001018   0.001018   1.0    1.3  1.000000  HFW2 47  t 1
275   -0.048084   0.050557   0.001018   0.001018   1.0    2.9  1.000000  HFW2 47  b 1
276   -0.057531   0.045102   0.001018   0.001018   1.0    2.1  1.000000  HFW2 48  t 1
277   -0.057531   0.045102   0.001018   0.001018   1.0    3.7  1.000000  HFW2 48  b 1
278   -0.010294   0.061466   0.001018   0.001018   1.0    1.3  1.000000  HFW2 49  t 1
279   -0.010294   0.061466   0.001018   0.001018   1.0    2.9  1.000000  HFW2 49  b 1
280   -0.019741   0.056011   0.001018   0.001018   1.0    2.1  1.000000  HFW2 50  t 1
281   -0.019741   0.056011   0.001018   0.001018   1.0    3.7  1.000000  HFW2 50  b 1
282   -0.029189   0.050557   0.001018   0.001018   1.0    1.3  1.000000  HFW2 51  t 1
283   -0.029189   0.050557   0.001018   0.001018   1.0    2.9  1.000000  HFW2 51  b 1
284   -0.038636   0.045102   0.001018   0.001018   1.0    2.1  1.000000  HFW2 52  t 1
285   -0.038636   0.045102   0.001018   0.001018   1.0    3.7  1.000000  HFW2 52  b 1
286   -0.048084   0.039647   0.001018   0.001018   1.0    1.3  1.000000  HFW2 53  t 1
287   -0.048084   0.039647   0.001018   0.001018   1.0    2.9  1.000000  HFW2 53  b 1
288   -0.010294   0.050557   0.001018   0.001018   1.0    1.3  1.000000  HFW2 54  t 1
289   -0.010294   0.050557   0.001018   0.001018   1.0    2.9  1.000000  HFW2 54  b 1
290   -0.019741   0.045102   0.001018   0.001018   1.0    2.1  1.000000  HFW2 55  t 1
291   -0.019741   0.045102   0.001018   0.001018   1.0    3.7  1.000000  HFW2 55  b 1
292   -0.029189   0.039647   0.001018   0.001018   1.0    1.3  1.000000  HFW2 56  t 1
293   -0.029189   0.039647   0.001018   0.001018   1.0    2.9  1.000000  HFW2 56  b 1
294   -0.038636   0.034193   0.001018   0.001018   1.0    2.1  1.000000  HFW2 57  t 1
295   -0.038636   0.034193   0.001018   0.001018   1.0    3.7  1.000000  HFW2 57  b 1
296   0.066979   0.083284   0.001018   0.001018   1.0    1.0  1.000000  HFW2 58  t 1
297   0.066979   0.083284   0.001018   0.001018   1.0    2.6  1.000000  HFW2 58  b 1
298   0.057531   0.088738   0.001018   0.001018   1.0    0.3  1.000000  HFW2 59  t 1
299   0.057531   0.088738   0.001018   0.001018   1.0    1.8  1.000000  HFW2 59  b 1
300   0.048084   0.094193   0.001018   0.001018   1.0    1.0  1.000000  HFW2 60  t 1
301   0.048084   0.094193   0.001018   0.001018   1.0    2.6  1.000000  HFW2 60  b 1
302   0.038636   0.099647   0.001018   0.001018   1.0    0.3  1.000000  HFW2 61  t 1
303   0.038636   0.099647   0.001018   0.001018   1.0    1.8  1.000000  HFW2 61  b 1
304   0.066979   0.072375   0.001018   0.001018   1.0    0.3  1.000000  HFW2 62  t 1
305   0.066979   0.072375   0.001018   0.001018   1.0    1.8  1.000000  HFW2 62  b 1
306   0.057531   0.077829   0.001018   0.001018   1.0    1.0  1.000000  HFW2 63  t 1
307   0.057531   0.077829   0.001018   0.001018   1.0    2.6  1.000000  HFW2 63  b 1
308   0.048084   0.083284   0.001018   0.001018   1.0    0.3  1.000000  HFW2 64  t 1
309   0.048084   0.083284   0.001018   0.001018   1.0    1.8  1.000000  HFW2 64  b 1
310   0.038636   0.088738   0.001018   0.001018   1.0    1.0  1.000000  HFW2 65  t 1
311   0.038636   0.088738   0.001018   0.001018   1.0    2.6  1.000000  HFW2 65  b 1
312   0.029189   0.094193   0.001018   0.001018   1.0    0.3  1.000000  HFW2 66  t 1
313   0.029189   0.094193   0.001018   0.001018   1.0    1.8  1.000000  HFW2 66  b 1
314   0.066979   0.061466   0.001018   0.001018   1.0    1.0  1.000000  HFW2 67  t 1
315   0.066979   0.061466   0.001018   0.001018   1.0    2.6  1.000000  HFW2 67  b 1
316   0.057531   0.066920   0.001018   0.001018   1.0    0.3  1.000000  HFW2 68  t 1
317   0.057531   0.066920   0.001018   0.001018   1.0    1.8  1.000000  HFW2 68  b 1
318   0.048084   0.072375   0.001018   0.001018   1.0    1.0  1.000000  HFW2 69  t 1
319   0.048084   0.072375   0.001018   0.001018   1.0    2.6  1.000000  HFW2 69  b 1
320   0.038636   0.077829   0.001018   0.001018   1.0    0.3  1.000000  HFW2 70  t 1
321   0.038636   0.077829   0.001018   0.001018   1.0    1.8  1.000000  HFW2 70  b 1
322   0.029189   0.083284   0.001018   0.001018   1.0    1.0  1.000000  HFW2 71  t 1
323   0.029189   0.083284   0.001018   0.001018   1.0    2.6  1.000000  HFW2 71  b 1
324   0.019741   0.088738   0.001018   0.001018   1.0    0.3  1.000000  HFW2 72  t 1
325   0.019741   0.088738   0.001018   0.001018   1.0    1.8  1.000000  HFW2 72  b 1
326   0.066979   0.050557   0.001018   0.001018   1.0    0.3  1.000000  HFW2 73  t 1
327   0.066979   0.050557   0.001018   0.001018   1.0    1.8  1.000000  HFW2 73  b 1
328   0.057531   0.056011   0.001018   0.001018   1.0    1.0  1.000000  HFW2 74  t 1
329   0.057531   0.056011   0.001018   0.001018   1.0    2.6  1.000000  HFW2 74  b 1
330   0.048084   0.061466   0.001018   0.001018   1.0    0.3  1.000000  HFW2 75  t 1
331   0.048084   0.061466   0.001018   0.001018   1.0    1.8  1.000000  HFW2 75  b 1
332   0.038636   0.066920   0.001018   0.001018   1.0    1.0  1.000000  HFW2 76  t 1
333   0.038636   0.066920   0.001018   0.001018   1.0    2.6  1.000000  HFW2 76  b 1
334   0.029189   0.072375   0.001018   0.001018   1.0    0.3  1.000000  HFW2 77  t 1
335   0.029189   0.072375   0.001018   0.001018   1.0    1.8  1.000000  HFW2 77  b 1
336   0.019741   0.077829   0.001018   0.001018   1.0    1.0  1.000000  HFW2 78  t 1
337   0.019741   0.077829   0.001018   0.001018   1.0    2.6  1.000000  HFW2 78  b 1
338   0.010294   0.083284   0.001018   0.001018   1.0    0.3  1.000000  HFW2 79  t 1
339   0.010294   0.083284   0.001018   0.001018   1.0    1.8  1.000000  HFW2 79  b 1
340   0.057531   0.045102   0.001018   0.001018   1.0    0.3  1.000000  HFW2 80  t 1
341   0.057531   0.045102   0.001018   0.001018   1.0    1.8  1.000000  HFW2 80  b 1
342   0.048084   0.050557   0.001018   0.001018   1.0    1.0  1.000000  HFW2 81  t 1
343   0.048084   0.050557   0.001018   0.001018   1.0    2.6  1.000000  HFW2 81  b 1
344   0.038636   0.056011   0.001018   0.001018   1.0    0.3  1.000000  HFW2 82  t 1
345   0.038636   0.056011   0.001018   0.001018   1.0    1.8  1.000000  HFW2 82  b 1
346   0.029189   0.061466   0.001018   0.001018   1.0    1.0  1.000000  HFW2 83  t 1
347   0.029189   0.061466   0.001018   0.001018   1.0    2.6  1.000000  HFW2 83  b 1
348   0.019741   0.066920   0.001018   0.001018   1.0    0.3  1.000000  HFW2 84  t 1
349   0.019741   0.066920   0.001018   0.001018   1.0    1.8  1.000000  HFW2 84  b 1
350   0.010294   0.072375   0.001018   0.001018   1.0    1.0  1.000000  HFW2 85  t 1
351   0.010294   0.072375   0.001018   0.001018   1.0    2.6  1.000000  HFW2 85  b 1
352   0.048084   0.039647   0.001018   0.001018   1.0    0.3  1.000000  HFW2 86  t 1
353   0.048084   0.039647   0.001018   0.001018   1.0    1.8  1.000000  HFW2 86  b 1
354   0.038636   0.045102   0.001018   0.001018   1.0    1.0  1.000000  HFW2 87  t 1
355   0.038636   0.045102   0.001018   0.001018   1.0    2.6  1.000000  HFW2 87  b 1
356   0.029189   0.050557   0.001018   0.001018   1.0    0.3  1.000000  HFW2 88  t 1
357   0.029189   0.050557   0.001018   0.001018   1.0    1.8  1.000000  HFW2 88  b 1
358   0.019741   0.056011   0.001018   0.001018   1.0    1.0  1.000000  HFW2 89  t 1
359   0.019741   0.056011   0.001018   0.001018   1.0    2.6  1.000000  HFW2 89  b 1
360   0.010294   0.061466   0.001018   0.001018   1.0    0.3  1.000000  HFW2 90  t 1
361   0.010294   0.061466   0.001018   0.001018   1.0    1.8  1.000000  HFW2 90  b 1
362   0.038636   0.034193   0.001018   0.001018   1.0    0.3  1.000000  HFW2 91  t 1
363   0.038636   0.034193   0.001018   0.001018   1.0    1.8  1.000000  HFW2 91  b 1
364   0.029189   0.039647   0.001018   0.001018   1.0    1.0  1.000000  HFW3 1  t 1
365   0.029189   0.039647   0.001018   0.001018   1.0    2.6  1.000000  HFW3 1  b 1
366   0.019741   0.045102   0.001018   0.001018   1.0    0.3  1.000000  HFW3 2  t 1
367   0.019741   0.045102   0.001018   0.001018   1.0    1.8  1.000000  HFW3 2  b 1
368   0.010294   0.050557   0.001018   0.001018   1.0    1.0  1.000000  HFW3 3  t 1
369   0.010294   0.050557   0.001018   0.001018   1.0    2.6  1.000000  HFW3 3  b 1
