ch, az[deg], el[deg], sig_x[deg], sig_y[deg], amp, polang[deg], poleff, wafer, pix, torb, flag 
0   1.623914   -0.937567   0.058333   0.058333   1.0   88.4  1.000000  HFW1 1  t 1
1   1.623914   -0.937567   0.058333   0.058333   1.0   90.0  1.000000  HFW1 1  b 1
2   1.623914   -0.312522   0.058333   0.058333   1.0   87.6  1.000000  HFW1 2  t 1
3   1.623914   -0.312522   0.058333   0.058333   1.0   89.2  1.000000  HFW1 2  b 1
4   1.623914   0.312522   0.058333   0.058333   1.0   88.4  1.000000  HFW1 3  t 1
5   1.623914   0.312522   0.058333   0.058333   1.0   90.0  1.000000  HFW1 3  b 1
6   1.623914   0.937567   0.058333   0.058333   1.0   87.6  1.000000  HFW1 4  t 1
7   1.623914   0.937567   0.058333   0.058333   1.0   89.2  1.000000  HFW1 4  b 1
8   1.082609   -1.250090   0.058333   0.058333   1.0   87.6  1.000000  HFW1 5  t 1
9   1.082609   -1.250090   0.058333   0.058333   1.0   89.2  1.000000  HFW1 5  b 1
10   1.082609   -0.625045   0.058333   0.058333   1.0   88.4  1.000000  HFW1 6  t 1
11   1.082609   -0.625045   0.058333   0.058333   1.0   90.0  1.000000  HFW1 6  b 1
12   1.082609   -0.000000   0.058333   0.058333   1.0   87.6  1.000000  HFW1 7  t 1
13   1.082609   -0.000000   0.058333   0.058333   1.0   89.2  1.000000  HFW1 7  b 1
14   1.082609   0.625045   0.058333   0.058333   1.0   88.4  1.000000  HFW1 8  t 1
15   1.082609   0.625045   0.058333   0.058333   1.0   90.0  1.000000  HFW1 8  b 1
16   1.082609   1.250090   0.058333   0.058333   1.0   87.6  1.000000  HFW1 9  t 1
17   1.082609   1.250090   0.058333   0.058333   1.0   89.2  1.000000  HFW1 9  b 1
18   0.541305   -1.562612   0.058333   0.058333   1.0   88.4  1.000000  HFW1 10  t 1
19   0.541305   -1.562612   0.058333   0.058333   1.0   90.0  1.000000  HFW1 10  b 1
20   0.541305   -0.937567   0.058333   0.058333   1.0   87.6  1.000000  HFW1 11  t 1
21   0.541305   -0.937567   0.058333   0.058333   1.0   89.2  1.000000  HFW1 11  b 1
22   0.541305   -0.312522   0.058333   0.058333   1.0   88.4  1.000000  HFW1 12  t 1
23   0.541305   -0.312522   0.058333   0.058333   1.0   90.0  1.000000  HFW1 12  b 1
24   0.541305   0.312522   0.058333   0.058333   1.0   87.6  1.000000  HFW1 13  t 1
25   0.541305   0.312522   0.058333   0.058333   1.0   89.2  1.000000  HFW1 13  b 1
26   0.541305   0.937567   0.058333   0.058333   1.0   88.4  1.000000  HFW1 14  t 1
27   0.541305   0.937567   0.058333   0.058333   1.0   90.0  1.000000  HFW1 14  b 1
28   0.541305   1.562612   0.058333   0.058333   1.0   87.6  1.000000  HFW1 15  t 1
29   0.541305   1.562612   0.058333   0.058333   1.0   89.2  1.000000  HFW1 15  b 1
30   -0.000000   -1.875135   0.058333   0.058333   1.0   87.6  1.000000  HFW1 16  t 1
31   -0.000000   -1.875135   0.058333   0.058333   1.0   89.2  1.000000  HFW1 16  b 1
32   -0.000000   -1.250090   0.058333   0.058333   1.0   88.4  1.000000  HFW1 17  t 1
33   -0.000000   -1.250090   0.058333   0.058333   1.0   90.0  1.000000  HFW1 17  b 1
34   -0.000000   -0.625045   0.058333   0.058333   1.0   87.6  1.000000  HFW1 18  t 1
35   -0.000000   -0.625045   0.058333   0.058333   1.0   89.2  1.000000  HFW1 18  b 1
36   -0.000000   -0.000000   0.058333   0.058333   1.0   88.4  1.000000  HFW1 19  t 1
37   -0.000000   -0.000000   0.058333   0.058333   1.0   90.0  1.000000  HFW1 19  b 1
38   0.000000   0.625045   0.058333   0.058333   1.0   87.6  1.000000  HFW1 20  t 1
39   0.000000   0.625045   0.058333   0.058333   1.0   89.2  1.000000  HFW1 20  b 1
40   0.000000   1.250090   0.058333   0.058333   1.0   88.4  1.000000  HFW1 21  t 1
41   0.000000   1.250090   0.058333   0.058333   1.0   90.0  1.000000  HFW1 21  b 1
42   0.000000   1.875135   0.058333   0.058333   1.0   87.6  1.000000  HFW1 22  t 1
43   0.000000   1.875135   0.058333   0.058333   1.0   89.2  1.000000  HFW1 22  b 1
44   -0.541305   -1.562612   0.058333   0.058333   1.0   87.6  1.000000  HFW1 23  t 1
45   -0.541305   -1.562612   0.058333   0.058333   1.0   89.2  1.000000  HFW1 23  b 1
46   -0.541305   -0.937567   0.058333   0.058333   1.0   88.4  1.000000  HFW1 24  t 1
47   -0.541305   -0.937567   0.058333   0.058333   1.0   90.0  1.000000  HFW1 24  b 1
48   -0.541305   -0.312522   0.058333   0.058333   1.0   87.6  1.000000  HFW1 25  t 1
49   -0.541305   -0.312522   0.058333   0.058333   1.0   89.2  1.000000  HFW1 25  b 1
50   -0.541305   0.312522   0.058333   0.058333   1.0   88.4  1.000000  HFW1 26  t 1
51   -0.541305   0.312522   0.058333   0.058333   1.0   90.0  1.000000  HFW1 26  b 1
52   -0.541305   0.937567   0.058333   0.058333   1.0   87.6  1.000000  HFW1 27  t 1
53   -0.541305   0.937567   0.058333   0.058333   1.0   89.2  1.000000  HFW1 27  b 1
54   -0.541305   1.562612   0.058333   0.058333   1.0   88.4  1.000000  HFW1 28  t 1
55   -0.541305   1.562612   0.058333   0.058333   1.0   90.0  1.000000  HFW1 28  b 1
56   -1.082609   -1.250090   0.058333   0.058333   1.0   87.6  1.000000  HFW1 29  t 1
57   -1.082609   -1.250090   0.058333   0.058333   1.0   89.2  1.000000  HFW1 29  b 1
58   -1.082609   -0.625045   0.058333   0.058333   1.0   88.4  1.000000  HFW1 30  t 1
59   -1.082609   -0.625045   0.058333   0.058333   1.0   90.0  1.000000  HFW1 30  b 1
60   -1.082609   0.000000   0.058333   0.058333   1.0   87.6  1.000000  HFW1 31  t 1
61   -1.082609   0.000000   0.058333   0.058333   1.0   89.2  1.000000  HFW1 31  b 1
62   -1.082609   0.625045   0.058333   0.058333   1.0   88.4  1.000000  HFW1 32  t 1
63   -1.082609   0.625045   0.058333   0.058333   1.0   90.0  1.000000  HFW1 32  b 1
64   -1.082609   1.250090   0.058333   0.058333   1.0   87.6  1.000000  HFW1 33  t 1
65   -1.082609   1.250090   0.058333   0.058333   1.0   89.2  1.000000  HFW1 33  b 1
66   -1.623914   -0.937567   0.058333   0.058333   1.0   87.6  1.000000  HFW1 34  t 1
67   -1.623914   -0.937567   0.058333   0.058333   1.0   89.2  1.000000  HFW1 34  b 1
68   -1.623914   -0.312522   0.058333   0.058333   1.0   88.4  1.000000  HFW1 35  t 1
69   -1.623914   -0.312522   0.058333   0.058333   1.0   90.0  1.000000  HFW1 35  b 1
70   -1.623914   0.312522   0.058333   0.058333   1.0   87.6  1.000000  HFW1 36  t 1
71   -1.623914   0.312522   0.058333   0.058333   1.0   89.2  1.000000  HFW1 36  b 1
72   -1.623914   0.937567   0.058333   0.058333   1.0   88.4  1.000000  HFW1 37  t 1
73   -1.623914   0.937567   0.058333   0.058333   1.0   90.0  1.000000  HFW1 37  b 1
74   -3.837615   -4.771809   0.058333   0.058333   1.0   -31.6  1.000000  HFW1 38  t 1
75   -3.837615   -4.771809   0.058333   0.058333   1.0   -30.0  1.000000  HFW1 38  b 1
76   -3.296310   -5.084332   0.058333   0.058333   1.0   -32.4  1.000000  HFW1 39  t 1
77   -3.296310   -5.084332   0.058333   0.058333   1.0   -30.8  1.000000  HFW1 39  b 1
78   -2.755005   -5.396854   0.058333   0.058333   1.0   -31.6  1.000000  HFW1 40  t 1
79   -2.755005   -5.396854   0.058333   0.058333   1.0   -30.0  1.000000  HFW1 40  b 1
80   -2.213701   -5.709376   0.058333   0.058333   1.0   -32.4  1.000000  HFW1 41  t 1
81   -2.213701   -5.709376   0.058333   0.058333   1.0   -30.8  1.000000  HFW1 41  b 1
82   -3.837615   -4.146764   0.058333   0.058333   1.0   -32.4  1.000000  HFW1 42  t 1
83   -3.837615   -4.146764   0.058333   0.058333   1.0   -30.8  1.000000  HFW1 42  b 1
84   -3.296310   -4.459287   0.058333   0.058333   1.0   -31.6  1.000000  HFW1 43  t 1
85   -3.296310   -4.459287   0.058333   0.058333   1.0   -30.0  1.000000  HFW1 43  b 1
86   -2.755005   -4.771809   0.058333   0.058333   1.0   -32.4  1.000000  HFW1 44  t 1
87   -2.755005   -4.771809   0.058333   0.058333   1.0   -30.8  1.000000  HFW1 44  b 1
88   -2.213701   -5.084332   0.058333   0.058333   1.0   -31.6  1.000000  HFW1 45  t 1
89   -2.213701   -5.084332   0.058333   0.058333   1.0   -30.0  1.000000  HFW1 45  b 1
90   -1.672396   -5.396854   0.058333   0.058333   1.0   -32.4  1.000000  HFW1 46  t 1
91   -1.672396   -5.396854   0.058333   0.058333   1.0   -30.8  1.000000  HFW1 46  b 1
92   -3.837615   -3.521719   0.058333   0.058333   1.0   -31.6  1.000000  HFW1 47  t 1
93   -3.837615   -3.521719   0.058333   0.058333   1.0   -30.0  1.000000  HFW1 47  b 1
94   -3.296310   -3.834242   0.058333   0.058333   1.0   -32.4  1.000000  HFW1 48  t 1
95   -3.296310   -3.834242   0.058333   0.058333   1.0   -30.8  1.000000  HFW1 48  b 1
96   -2.755005   -4.146764   0.058333   0.058333   1.0   -31.6  1.000000  HFW1 49  t 1
97   -2.755005   -4.146764   0.058333   0.058333   1.0   -30.0  1.000000  HFW1 49  b 1
98   -2.213701   -4.459287   0.058333   0.058333   1.0   -32.4  1.000000  HFW1 50  t 1
99   -2.213701   -4.459287   0.058333   0.058333   1.0   -30.8  1.000000  HFW1 50  b 1
100   -1.672396   -4.771809   0.058333   0.058333   1.0   -31.6  1.000000  HFW1 51  t 1
101   -1.672396   -4.771809   0.058333   0.058333   1.0   -30.0  1.000000  HFW1 51  b 1
102   -1.131091   -5.084332   0.058333   0.058333   1.0   -32.4  1.000000  HFW1 52  t 1
103   -1.131091   -5.084332   0.058333   0.058333   1.0   -30.8  1.000000  HFW1 52  b 1
104   -3.837615   -2.896675   0.058333   0.058333   1.0   -32.4  1.000000  HFW1 53  t 1
105   -3.837615   -2.896675   0.058333   0.058333   1.0   -30.8  1.000000  HFW1 53  b 1
106   -3.296310   -3.209197   0.058333   0.058333   1.0   -31.6  1.000000  HFW1 54  t 1
107   -3.296310   -3.209197   0.058333   0.058333   1.0   -30.0  1.000000  HFW1 54  b 1
108   -2.755005   -3.521719   0.058333   0.058333   1.0   -32.4  1.000000  HFW1 55  t 1
109   -2.755005   -3.521719   0.058333   0.058333   1.0   -30.8  1.000000  HFW1 55  b 1
110   -2.213701   -3.834242   0.058333   0.058333   1.0   -31.6  1.000000  HFW1 56  t 1
111   -2.213701   -3.834242   0.058333   0.058333   1.0   -30.0  1.000000  HFW1 56  b 1
112   -1.672396   -4.146764   0.058333   0.058333   1.0   -32.4  1.000000  HFW1 57  t 1
113   -1.672396   -4.146764   0.058333   0.058333   1.0   -30.8  1.000000  HFW1 57  b 1
114   -1.131091   -4.459287   0.058333   0.058333   1.0   -31.6  1.000000  HFW1 58  t 1
115   -1.131091   -4.459287   0.058333   0.058333   1.0   -30.0  1.000000  HFW1 58  b 1
116   -0.589786   -4.771809   0.058333   0.058333   1.0   -32.4  1.000000  HFW1 59  t 1
117   -0.589786   -4.771809   0.058333   0.058333   1.0   -30.8  1.000000  HFW1 59  b 1
118   -3.296310   -2.584152   0.058333   0.058333   1.0   -32.4  1.000000  HFW1 60  t 1
119   -3.296310   -2.584152   0.058333   0.058333   1.0   -30.8  1.000000  HFW1 60  b 1
120   -2.755005   -2.896675   0.058333   0.058333   1.0   -31.6  1.000000  HFW1 61  t 1
121   -2.755005   -2.896675   0.058333   0.058333   1.0   -30.0  1.000000  HFW1 61  b 1
122   -2.213701   -3.209197   0.058333   0.058333   1.0   -32.4  1.000000  HFW1 62  t 1
123   -2.213701   -3.209197   0.058333   0.058333   1.0   -30.8  1.000000  HFW1 62  b 1
124   -1.672396   -3.521719   0.058333   0.058333   1.0   -31.6  1.000000  HFW1 63  t 1
125   -1.672396   -3.521719   0.058333   0.058333   1.0   -30.0  1.000000  HFW1 63  b 1
126   -1.131091   -3.834242   0.058333   0.058333   1.0   -32.4  1.000000  HFW1 64  t 1
127   -1.131091   -3.834242   0.058333   0.058333   1.0   -30.8  1.000000  HFW1 64  b 1
128   -0.589786   -4.146764   0.058333   0.058333   1.0   -31.6  1.000000  HFW1 65  t 1
129   -0.589786   -4.146764   0.058333   0.058333   1.0   -30.0  1.000000  HFW1 65  b 1
130   -2.755005   -2.271630   0.058333   0.058333   1.0   -32.4  1.000000  HFW1 66  t 1
131   -2.755005   -2.271630   0.058333   0.058333   1.0   -30.8  1.000000  HFW1 66  b 1
132   -2.213701   -2.584152   0.058333   0.058333   1.0   -31.6  1.000000  HFW1 67  t 1
133   -2.213701   -2.584152   0.058333   0.058333   1.0   -30.0  1.000000  HFW1 67  b 1
134   -1.672396   -2.896675   0.058333   0.058333   1.0   -32.4  1.000000  HFW1 68  t 1
135   -1.672396   -2.896675   0.058333   0.058333   1.0   -30.8  1.000000  HFW1 68  b 1
136   -1.131091   -3.209197   0.058333   0.058333   1.0   -31.6  1.000000  HFW1 69  t 1
137   -1.131091   -3.209197   0.058333   0.058333   1.0   -30.0  1.000000  HFW1 69  b 1
138   -0.589786   -3.521719   0.058333   0.058333   1.0   -32.4  1.000000  HFW1 70  t 1
139   -0.589786   -3.521719   0.058333   0.058333   1.0   -30.8  1.000000  HFW1 70  b 1
140   -2.213701   -1.959107   0.058333   0.058333   1.0   -32.4  1.000000  HFW1 71  t 1
141   -2.213701   -1.959107   0.058333   0.058333   1.0   -30.8  1.000000  HFW1 71  b 1
142   -1.672396   -2.271630   0.058333   0.058333   1.0   -31.6  1.000000  HFW1 72  t 1
143   -1.672396   -2.271630   0.058333   0.058333   1.0   -30.0  1.000000  HFW1 72  b 1
144   -1.131091   -2.584152   0.058333   0.058333   1.0   -32.4  1.000000  HFW1 73  t 1
145   -1.131091   -2.584152   0.058333   0.058333   1.0   -30.8  1.000000  HFW1 73  b 1
146   -0.589786   -2.896675   0.058333   0.058333   1.0   -31.6  1.000000  HFW1 74  t 1
147   -0.589786   -2.896675   0.058333   0.058333   1.0   -30.0  1.000000  HFW1 74  b 1
148   -6.051315   0.937567   0.058333   0.058333   1.0   -91.6  1.000000  HFW1 75  t 1
149   -6.051315   0.937567   0.058333   0.058333   1.0   -90.0  1.000000  HFW1 75  b 1
150   -6.051315   0.312522   0.058333   0.058333   1.0   -92.4  1.000000  HFW1 76  t 1
151   -6.051315   0.312522   0.058333   0.058333   1.0   -90.8  1.000000  HFW1 76  b 1
152   -6.051315   -0.312522   0.058333   0.058333   1.0   -91.6  1.000000  HFW1 77  t 1
153   -6.051315   -0.312522   0.058333   0.058333   1.0   -90.0  1.000000  HFW1 77  b 1
154   -6.051315   -0.937567   0.058333   0.058333   1.0   -92.4  1.000000  HFW1 78  t 1
155   -6.051315   -0.937567   0.058333   0.058333   1.0   -90.8  1.000000  HFW1 78  b 1
156   -5.510011   1.250090   0.058333   0.058333   1.0   -92.4  1.000000  HFW1 79  t 1
157   -5.510011   1.250090   0.058333   0.058333   1.0   -90.8  1.000000  HFW1 79  b 1
158   -5.510011   0.625045   0.058333   0.058333   1.0   -91.6  1.000000  HFW1 80  t 1
159   -5.510011   0.625045   0.058333   0.058333   1.0   -90.0  1.000000  HFW1 80  b 1
160   -5.510011   -0.000000   0.058333   0.058333   1.0   -92.4  1.000000  HFW1 81  t 1
161   -5.510011   -0.000000   0.058333   0.058333   1.0   -90.8  1.000000  HFW1 81  b 1
162   -5.510011   -0.625045   0.058333   0.058333   1.0   -91.6  1.000000  HFW1 82  t 1
163   -5.510011   -0.625045   0.058333   0.058333   1.0   -90.0  1.000000  HFW1 82  b 1
164   -5.510011   -1.250090   0.058333   0.058333   1.0   -92.4  1.000000  HFW1 83  t 1
165   -5.510011   -1.250090   0.058333   0.058333   1.0   -90.8  1.000000  HFW1 83  b 1
166   -4.968706   1.562612   0.058333   0.058333   1.0   -91.6  1.000000  HFW1 84  t 1
167   -4.968706   1.562612   0.058333   0.058333   1.0   -90.0  1.000000  HFW1 84  b 1
168   -4.968706   0.937567   0.058333   0.058333   1.0   -92.4  1.000000  HFW1 85  t 1
169   -4.968706   0.937567   0.058333   0.058333   1.0   -90.8  1.000000  HFW1 85  b 1
170   -4.968706   0.312522   0.058333   0.058333   1.0   -91.6  1.000000  HFW1 86  t 1
171   -4.968706   0.312522   0.058333   0.058333   1.0   -90.0  1.000000  HFW1 86  b 1
172   -4.968706   -0.312522   0.058333   0.058333   1.0   -92.4  1.000000  HFW1 87  t 1
173   -4.968706   -0.312522   0.058333   0.058333   1.0   -90.8  1.000000  HFW1 87  b 1
174   -4.968706   -0.937567   0.058333   0.058333   1.0   -91.6  1.000000  HFW1 88  t 1
175   -4.968706   -0.937567   0.058333   0.058333   1.0   -90.0  1.000000  HFW1 88  b 1
176   -4.968706   -1.562612   0.058333   0.058333   1.0   -92.4  1.000000  HFW1 89  t 1
177   -4.968706   -1.562612   0.058333   0.058333   1.0   -90.8  1.000000  HFW1 89  b 1
178   -4.427401   1.875135   0.058333   0.058333   1.0   -92.4  1.000000  HFW1 90  t 1
179   -4.427401   1.875135   0.058333   0.058333   1.0   -90.8  1.000000  HFW1 90  b 1
180   -4.427401   1.250090   0.058333   0.058333   1.0   -91.6  1.000000  HFW1 91  t 1
181   -4.427401   1.250090   0.058333   0.058333   1.0   -90.0  1.000000  HFW1 91  b 1
182   -4.427401   0.625045   0.058333   0.058333   1.0   -92.4  1.000000  HFW2 1  t 1
183   -4.427401   0.625045   0.058333   0.058333   1.0   -90.8  1.000000  HFW2 1  b 1
184   -4.427401   -0.000000   0.058333   0.058333   1.0   -91.6  1.000000  HFW2 2  t 1
185   -4.427401   -0.000000   0.058333   0.058333   1.0   -90.0  1.000000  HFW2 2  b 1
186   -4.427401   -0.625045   0.058333   0.058333   1.0   -92.4  1.000000  HFW2 3  t 1
187   -4.427401   -0.625045   0.058333   0.058333   1.0   -90.8  1.000000  HFW2 3  b 1
188   -4.427401   -1.250090   0.058333   0.058333   1.0   -91.6  1.000000  HFW2 4  t 1
189   -4.427401   -1.250090   0.058333   0.058333   1.0   -90.0  1.000000  HFW2 4  b 1
190   -4.427401   -1.875135   0.058333   0.058333   1.0   -92.4  1.000000  HFW2 5  t 1
191   -4.427401   -1.875135   0.058333   0.058333   1.0   -90.8  1.000000  HFW2 5  b 1
192   -3.886096   1.562612   0.058333   0.058333   1.0   -92.4  1.000000  HFW2 6  t 1
193   -3.886096   1.562612   0.058333   0.058333   1.0   -90.8  1.000000  HFW2 6  b 1
194   -3.886096   0.937567   0.058333   0.058333   1.0   -91.6  1.000000  HFW2 7  t 1
195   -3.886096   0.937567   0.058333   0.058333   1.0   -90.0  1.000000  HFW2 7  b 1
196   -3.886096   0.312522   0.058333   0.058333   1.0   -92.4  1.000000  HFW2 8  t 1
197   -3.886096   0.312522   0.058333   0.058333   1.0   -90.8  1.000000  HFW2 8  b 1
198   -3.886096   -0.312522   0.058333   0.058333   1.0   -91.6  1.000000  HFW2 9  t 1
199   -3.886096   -0.312522   0.058333   0.058333   1.0   -90.0  1.000000  HFW2 9  b 1
200   -3.886096   -0.937567   0.058333   0.058333   1.0   -92.4  1.000000  HFW2 10  t 1
201   -3.886096   -0.937567   0.058333   0.058333   1.0   -90.8  1.000000  HFW2 10  b 1
202   -3.886096   -1.562612   0.058333   0.058333   1.0   -91.6  1.000000  HFW2 11  t 1
203   -3.886096   -1.562612   0.058333   0.058333   1.0   -90.0  1.000000  HFW2 11  b 1
204   -3.344792   1.250090   0.058333   0.058333   1.0   -92.4  1.000000  HFW2 12  t 1
205   -3.344792   1.250090   0.058333   0.058333   1.0   -90.8  1.000000  HFW2 12  b 1
206   -3.344792   0.625045   0.058333   0.058333   1.0   -91.6  1.000000  HFW2 13  t 1
207   -3.344792   0.625045   0.058333   0.058333   1.0   -90.0  1.000000  HFW2 13  b 1
208   -3.344792   0.000000   0.058333   0.058333   1.0   -92.4  1.000000  HFW2 14  t 1
209   -3.344792   0.000000   0.058333   0.058333   1.0   -90.8  1.000000  HFW2 14  b 1
210   -3.344792   -0.625045   0.058333   0.058333   1.0   -91.6  1.000000  HFW2 15  t 1
211   -3.344792   -0.625045   0.058333   0.058333   1.0   -90.0  1.000000  HFW2 15  b 1
212   -3.344792   -1.250090   0.058333   0.058333   1.0   -92.4  1.000000  HFW2 16  t 1
213   -3.344792   -1.250090   0.058333   0.058333   1.0   -90.8  1.000000  HFW2 16  b 1
214   -2.803487   0.937567   0.058333   0.058333   1.0   -92.4  1.000000  HFW2 17  t 1
215   -2.803487   0.937567   0.058333   0.058333   1.0   -90.8  1.000000  HFW2 17  b 1
216   -2.803487   0.312522   0.058333   0.058333   1.0   -91.6  1.000000  HFW2 18  t 1
217   -2.803487   0.312522   0.058333   0.058333   1.0   -90.0  1.000000  HFW2 18  b 1
218   -2.803487   -0.312522   0.058333   0.058333   1.0   -92.4  1.000000  HFW2 19  t 1
219   -2.803487   -0.312522   0.058333   0.058333   1.0   -90.8  1.000000  HFW2 19  b 1
220   -2.803487   -0.937567   0.058333   0.058333   1.0   -91.6  1.000000  HFW2 20  t 1
221   -2.803487   -0.937567   0.058333   0.058333   1.0   -90.0  1.000000  HFW2 20  b 1
222   -2.213701   5.709376   0.058333   0.058333   1.0   208.4  1.000000  HFW2 21  t 1
223   -2.213701   5.709376   0.058333   0.058333   1.0   210.0  1.000000  HFW2 21  b 1
224   -2.755005   5.396854   0.058333   0.058333   1.0   207.6  1.000000  HFW2 22  t 1
225   -2.755005   5.396854   0.058333   0.058333   1.0   209.2  1.000000  HFW2 22  b 1
226   -3.296310   5.084332   0.058333   0.058333   1.0   208.4  1.000000  HFW2 23  t 1
227   -3.296310   5.084332   0.058333   0.058333   1.0   210.0  1.000000  HFW2 23  b 1
228   -3.837615   4.771809   0.058333   0.058333   1.0   207.6  1.000000  HFW2 24  t 1
229   -3.837615   4.771809   0.058333   0.058333   1.0   209.2  1.000000  HFW2 24  b 1
230   -1.672396   5.396854   0.058333   0.058333   1.0   207.6  1.000000  HFW2 25  t 1
231   -1.672396   5.396854   0.058333   0.058333   1.0   209.2  1.000000  HFW2 25  b 1
232   -2.213701   5.084332   0.058333   0.058333   1.0   208.4  1.000000  HFW2 26  t 1
233   -2.213701   5.084332   0.058333   0.058333   1.0   210.0  1.000000  HFW2 26  b 1
234   -2.755005   4.771809   0.058333   0.058333   1.0   207.6  1.000000  HFW2 27  t 1
235   -2.755005   4.771809   0.058333   0.058333   1.0   209.2  1.000000  HFW2 27  b 1
236   -3.296310   4.459287   0.058333   0.058333   1.0   208.4  1.000000  HFW2 28  t 1
237   -3.296310   4.459287   0.058333   0.058333   1.0   210.0  1.000000  HFW2 28  b 1
238   -3.837615   4.146764   0.058333   0.058333   1.0   207.6  1.000000  HFW2 29  t 1
239   -3.837615   4.146764   0.058333   0.058333   1.0   209.2  1.000000  HFW2 29  b 1
240   -1.131091   5.084332   0.058333   0.058333   1.0   208.4  1.000000  HFW2 30  t 1
241   -1.131091   5.084332   0.058333   0.058333   1.0   210.0  1.000000  HFW2 30  b 1
242   -1.672396   4.771809   0.058333   0.058333   1.0   207.6  1.000000  HFW2 31  t 1
243   -1.672396   4.771809   0.058333   0.058333   1.0   209.2  1.000000  HFW2 31  b 1
244   -2.213701   4.459287   0.058333   0.058333   1.0   208.4  1.000000  HFW2 32  t 1
245   -2.213701   4.459287   0.058333   0.058333   1.0   210.0  1.000000  HFW2 32  b 1
246   -2.755005   4.146764   0.058333   0.058333   1.0   207.6  1.000000  HFW2 33  t 1
247   -2.755005   4.146764   0.058333   0.058333   1.0   209.2  1.000000  HFW2 33  b 1
248   -3.296310   3.834242   0.058333   0.058333   1.0   208.4  1.000000  HFW2 34  t 1
249   -3.296310   3.834242   0.058333   0.058333   1.0   210.0  1.000000  HFW2 34  b 1
250   -3.837615   3.521719   0.058333   0.058333   1.0   207.6  1.000000  HFW2 35  t 1
251   -3.837615   3.521719   0.058333   0.058333   1.0   209.2  1.000000  HFW2 35  b 1
252   -0.589786   4.771809   0.058333   0.058333   1.0   207.6  1.000000  HFW2 36  t 1
253   -0.589786   4.771809   0.058333   0.058333   1.0   209.2  1.000000  HFW2 36  b 1
254   -1.131091   4.459287   0.058333   0.058333   1.0   208.4  1.000000  HFW2 37  t 1
255   -1.131091   4.459287   0.058333   0.058333   1.0   210.0  1.000000  HFW2 37  b 1
256   -1.672396   4.146764   0.058333   0.058333   1.0   207.6  1.000000  HFW2 38  t 1
257   -1.672396   4.146764   0.058333   0.058333   1.0   209.2  1.000000  HFW2 38  b 1
258   -2.213701   3.834242   0.058333   0.058333   1.0   208.4  1.000000  HFW2 39  t 1
259   -2.213701   3.834242   0.058333   0.058333   1.0   210.0  1.000000  HFW2 39  b 1
260   -2.755005   3.521719   0.058333   0.058333   1.0   207.6  1.000000  HFW2 40  t 1
261   -2.755005   3.521719   0.058333   0.058333   1.0   209.2  1.000000  HFW2 40  b 1
262   -3.296310   3.209197   0.058333   0.058333   1.0   208.4  1.000000  HFW2 41  t 1
263   -3.296310   3.209197   0.058333   0.058333   1.0   210.0  1.000000  HFW2 41  b 1
264   -3.837615   2.896675   0.058333   0.058333   1.0   207.6  1.000000  HFW2 42  t 1
265   -3.837615   2.896675   0.058333   0.058333   1.0   209.2  1.000000  HFW2 42  b 1
266   -0.589786   4.146764   0.058333   0.058333   1.0   207.6  1.000000  HFW2 43  t 1
267   -0.589786   4.146764   0.058333   0.058333   1.0   209.2  1.000000  HFW2 43  b 1
268   -1.131091   3.834242   0.058333   0.058333   1.0   208.4  1.000000  HFW2 44  t 1
269   -1.131091   3.834242   0.058333   0.058333   1.0   210.0  1.000000  HFW2 44  b 1
270   -1.672396   3.521719   0.058333   0.058333   1.0   207.6  1.000000  HFW2 45  t 1
271   -1.672396   3.521719   0.058333   0.058333   1.0   209.2  1.000000  HFW2 45  b 1
272   -2.213701   3.209197   0.058333   0.058333   1.0   208.4  1.000000  HFW2 46  t 1
273   -2.213701   3.209197   0.058333   0.058333   1.0   210.0  1.000000  HFW2 46  b 1
274   -2.755005   2.896675   0.058333   0.058333   1.0   207.6  1.000000  HFW2 47  t 1
275   -2.755005   2.896675   0.058333   0.058333   1.0   209.2  1.000000  HFW2 47  b 1
276   -3.296310   2.584152   0.058333   0.058333   1.0   208.4  1.000000  HFW2 48  t 1
277   -3.296310   2.584152   0.058333   0.058333   1.0   210.0  1.000000  HFW2 48  b 1
278   -0.589786   3.521719   0.058333   0.058333   1.0   207.6  1.000000  HFW2 49  t 1
279   -0.589786   3.521719   0.058333   0.058333   1.0   209.2  1.000000  HFW2 49  b 1
280   -1.131091   3.209197   0.058333   0.058333   1.0   208.4  1.000000  HFW2 50  t 1
281   -1.131091   3.209197   0.058333   0.058333   1.0   210.0  1.000000  HFW2 50  b 1
282   -1.672396   2.896675   0.058333   0.058333   1.0   207.6  1.000000  HFW2 51  t 1
283   -1.672396   2.896675   0.058333   0.058333   1.0   209.2  1.000000  HFW2 51  b 1
284   -2.213701   2.584152   0.058333   0.058333   1.0   208.4  1.000000  HFW2 52  t 1
285   -2.213701   2.584152   0.058333   0.058333   1.0   210.0  1.000000  HFW2 52  b 1
286   -2.755005   2.271630   0.058333   0.058333   1.0   207.6  1.000000  HFW2 53  t 1
287   -2.755005   2.271630   0.058333   0.058333   1.0   209.2  1.000000  HFW2 53  b 1
288   -0.589786   2.896675   0.058333   0.058333   1.0   207.6  1.000000  HFW2 54  t 1
289   -0.589786   2.896675   0.058333   0.058333   1.0   209.2  1.000000  HFW2 54  b 1
290   -1.131091   2.584152   0.058333   0.058333   1.0   208.4  1.000000  HFW2 55  t 1
291   -1.131091   2.584152   0.058333   0.058333   1.0   210.0  1.000000  HFW2 55  b 1
292   -1.672396   2.271630   0.058333   0.058333   1.0   207.6  1.000000  HFW2 56  t 1
293   -1.672396   2.271630   0.058333   0.058333   1.0   209.2  1.000000  HFW2 56  b 1
294   -2.213701   1.959107   0.058333   0.058333   1.0   208.4  1.000000  HFW2 57  t 1
295   -2.213701   1.959107   0.058333   0.058333   1.0   210.0  1.000000  HFW2 57  b 1
296   3.837615   4.771809   0.058333   0.058333   1.0   148.4  1.000000  HFW2 58  t 1
297   3.837615   4.771809   0.058333   0.058333   1.0   150.0  1.000000  HFW2 58  b 1
298   3.296310   5.084332   0.058333   0.058333   1.0   147.6  1.000000  HFW2 59  t 1
299   3.296310   5.084332   0.058333   0.058333   1.0   149.2  1.000000  HFW2 59  b 1
300   2.755005   5.396854   0.058333   0.058333   1.0   148.4  1.000000  HFW2 60  t 1
301   2.755005   5.396854   0.058333   0.058333   1.0   150.0  1.000000  HFW2 60  b 1
302   2.213701   5.709376   0.058333   0.058333   1.0   147.6  1.000000  HFW2 61  t 1
303   2.213701   5.709376   0.058333   0.058333   1.0   149.2  1.000000  HFW2 61  b 1
304   3.837615   4.146764   0.058333   0.058333   1.0   147.6  1.000000  HFW2 62  t 1
305   3.837615   4.146764   0.058333   0.058333   1.0   149.2  1.000000  HFW2 62  b 1
306   3.296310   4.459287   0.058333   0.058333   1.0   148.4  1.000000  HFW2 63  t 1
307   3.296310   4.459287   0.058333   0.058333   1.0   150.0  1.000000  HFW2 63  b 1
308   2.755005   4.771809   0.058333   0.058333   1.0   147.6  1.000000  HFW2 64  t 1
309   2.755005   4.771809   0.058333   0.058333   1.0   149.2  1.000000  HFW2 64  b 1
310   2.213701   5.084332   0.058333   0.058333   1.0   148.4  1.000000  HFW2 65  t 1
311   2.213701   5.084332   0.058333   0.058333   1.0   150.0  1.000000  HFW2 65  b 1
312   1.672396   5.396854   0.058333   0.058333   1.0   147.6  1.000000  HFW2 66  t 1
313   1.672396   5.396854   0.058333   0.058333   1.0   149.2  1.000000  HFW2 66  b 1
314   3.837615   3.521719   0.058333   0.058333   1.0   148.4  1.000000  HFW2 67  t 1
315   3.837615   3.521719   0.058333   0.058333   1.0   150.0  1.000000  HFW2 67  b 1
316   3.296310   3.834242   0.058333   0.058333   1.0   147.6  1.000000  HFW2 68  t 1
317   3.296310   3.834242   0.058333   0.058333   1.0   149.2  1.000000  HFW2 68  b 1
318   2.755005   4.146764   0.058333   0.058333   1.0   148.4  1.000000  HFW2 69  t 1
319   2.755005   4.146764   0.058333   0.058333   1.0   150.0  1.000000  HFW2 69  b 1
320   2.213701   4.459287   0.058333   0.058333   1.0   147.6  1.000000  HFW2 70  t 1
321   2.213701   4.459287   0.058333   0.058333   1.0   149.2  1.000000  HFW2 70  b 1
322   1.672396   4.771809   0.058333   0.058333   1.0   148.4  1.000000  HFW2 71  t 1
323   1.672396   4.771809   0.058333   0.058333   1.0   150.0  1.000000  HFW2 71  b 1
324   1.131091   5.084332   0.058333   0.058333   1.0   147.6  1.000000  HFW2 72  t 1
325   1.131091   5.084332   0.058333   0.058333   1.0   149.2  1.000000  HFW2 72  b 1
326   3.837615   2.896675   0.058333   0.058333   1.0   147.6  1.000000  HFW2 73  t 1
327   3.837615   2.896675   0.058333   0.058333   1.0   149.2  1.000000  HFW2 73  b 1
328   3.296310   3.209197   0.058333   0.058333   1.0   148.4  1.000000  HFW2 74  t 1
329   3.296310   3.209197   0.058333   0.058333   1.0   150.0  1.000000  HFW2 74  b 1
330   2.755005   3.521719   0.058333   0.058333   1.0   147.6  1.000000  HFW2 75  t 1
331   2.755005   3.521719   0.058333   0.058333   1.0   149.2  1.000000  HFW2 75  b 1
332   2.213701   3.834242   0.058333   0.058333   1.0   148.4  1.000000  HFW2 76  t 1
333   2.213701   3.834242   0.058333   0.058333   1.0   150.0  1.000000  HFW2 76  b 1
334   1.672396   4.146764   0.058333   0.058333   1.0   147.6  1.000000  HFW2 77  t 1
335   1.672396   4.146764   0.058333   0.058333   1.0   149.2  1.000000  HFW2 77  b 1
336   1.131091   4.459287   0.058333   0.058333   1.0   148.4  1.000000  HFW2 78  t 1
337   1.131091   4.459287   0.058333   0.058333   1.0   150.0  1.000000  HFW2 78  b 1
338   0.589786   4.771809   0.058333   0.058333   1.0   147.6  1.000000  HFW2 79  t 1
339   0.589786   4.771809   0.058333   0.058333   1.0   149.2  1.000000  HFW2 79  b 1
340   3.296310   2.584152   0.058333   0.058333   1.0   147.6  1.000000  HFW2 80  t 1
341   3.296310   2.584152   0.058333   0.058333   1.0   149.2  1.000000  HFW2 80  b 1
342   2.755005   2.896675   0.058333   0.058333   1.0   148.4  1.000000  HFW2 81  t 1
343   2.755005   2.896675   0.058333   0.058333   1.0   150.0  1.000000  HFW2 81  b 1
344   2.213701   3.209197   0.058333   0.058333   1.0   147.6  1.000000  HFW2 82  t 1
345   2.213701   3.209197   0.058333   0.058333   1.0   149.2  1.000000  HFW2 82  b 1
346   1.672396   3.521719   0.058333   0.058333   1.0   148.4  1.000000  HFW2 83  t 1
347   1.672396   3.521719   0.058333   0.058333   1.0   150.0  1.000000  HFW2 83  b 1
348   1.131091   3.834242   0.058333   0.058333   1.0   147.6  1.000000  HFW2 84  t 1
349   1.131091   3.834242   0.058333   0.058333   1.0   149.2  1.000000  HFW2 84  b 1
350   0.589786   4.146764   0.058333   0.058333   1.0   148.4  1.000000  HFW2 85  t 1
351   0.589786   4.146764   0.058333   0.058333   1.0   150.0  1.000000  HFW2 85  b 1
352   2.755005   2.271630   0.058333   0.058333   1.0   147.6  1.000000  HFW2 86  t 1
353   2.755005   2.271630   0.058333   0.058333   1.0   149.2  1.000000  HFW2 86  b 1
354   2.213701   2.584152   0.058333   0.058333   1.0   148.4  1.000000  HFW2 87  t 1
355   2.213701   2.584152   0.058333   0.058333   1.0   150.0  1.000000  HFW2 87  b 1
356   1.672396   2.896675   0.058333   0.058333   1.0   147.6  1.000000  HFW2 88  t 1
357   1.672396   2.896675   0.058333   0.058333   1.0   149.2  1.000000  HFW2 88  b 1
358   1.131091   3.209197   0.058333   0.058333   1.0   148.4  1.000000  HFW2 89  t 1
359   1.131091   3.209197   0.058333   0.058333   1.0   150.0  1.000000  HFW2 89  b 1
360   0.589786   3.521719   0.058333   0.058333   1.0   147.6  1.000000  HFW2 90  t 1
361   0.589786   3.521719   0.058333   0.058333   1.0   149.2  1.000000  HFW2 90  b 1
362   2.213701   1.959107   0.058333   0.058333   1.0   147.6  1.000000  HFW2 91  t 1
363   2.213701   1.959107   0.058333   0.058333   1.0   149.2  1.000000  HFW2 91  b 1
364   1.672396   2.271630   0.058333   0.058333   1.0   148.4  1.000000  HFW3 1  t 1
365   1.672396   2.271630   0.058333   0.058333   1.0   150.0  1.000000  HFW3 1  b 1
366   1.131091   2.584152   0.058333   0.058333   1.0   147.6  1.000000  HFW3 2  t 1
367   1.131091   2.584152   0.058333   0.058333   1.0   149.2  1.000000  HFW3 2  b 1
368   0.589786   2.896675   0.058333   0.058333   1.0   148.4  1.000000  HFW3 3  t 1
369   0.589786   2.896675   0.058333   0.058333   1.0   150.0  1.000000  HFW3 3  b 1
